potted_meat_can
estimated_q_rotation/[ 0.79977775  0.25980168 -0.45178964 -0.29790059]
translation_difference/[ 0.0111147  -0.00068897  0.02874806]
rotation_difference/[-0.39177775 -0.57380168  1.29978964  0.17390059]
sugar_box
estimated_q_rotation/[ 0.2455615   0.75568986 -0.14343586 -0.58996487]
translation_difference/[-0.01799737  0.00776029  0.01475367]
rotation_difference/[ 0.5084385  -0.58168986 -0.44556414  0.35496487]
tomato_soup_can
estimated_q_rotation/[ 0.09589569  0.98975054  0.09123853 -0.05360434]
translation_difference/[0.01495197 0.00030098 0.01200824]
rotation_difference/[-0.57089569 -0.22475054 -0.46123853 -0.17539566]
mustard_bottle
estimated_q_rotation/[-0.20380279  0.92783547  0.24459519  0.19431665]
translation_difference/[-0.00531122  0.00680476  0.05108693]
rotation_difference/[-0.03819721 -0.05783547 -0.65759519 -0.31031665]
bleach_cleanser
estimated_q_rotation/[ 0.18668232  0.01744202 -0.18714137  0.96427361]
translation_difference/[ 0.00954459 -0.00103714 -0.01715538]
rotation_difference/[ 0.16031768 -0.68944202 -0.19085863 -0.43127361]
foam_brick
estimated_q_rotation/[0.88138397 0.23113959 0.16090765 0.37926972]
translation_difference/[1.90561142e-02 1.30047384e-05 2.60673817e-02]
rotation_difference/[-0.21738397 -0.55713959 -0.78990765 -0.14026972]
banana
estimated_q_rotation/[ 0.75305086 -0.13636358 -0.01958556  0.64337842]
translation_difference/[-0.01401896  0.00247837  0.00605224]
rotation_difference/[-1.38305086 -0.30363642  0.14158556 -0.01537842]
